HEBP1_GRM7,0.0021645710647779344
DCN_EGFR,0.007512334871876458
DCN_ERBB4,0.011268502307814737
GRN_TNFRSF1A,0.01655260226006681
GRN_SORT1,0.018207862486073468
GRN_TNFRSF1B,0.398917714467611
GRN_CLEC4M,0.008276301130033362
GRN_EGFR,0.006621040904026708
UTS2_UTS2R,0.0
ICAM3_CLEC4M,0.0027057138309724456
ICAM3_ITGB2,0.11255769536845453
ICAM3_CD209,0.16071940155976444
ICAM3_ITGAD,0.002164571064777962
CEACAM1_CD209,0.009454082444692015
CEACAM1_SELE,0.00019099156453923256
CEACAM1_EGFR,0.00012732770969282116
FGF4_FGFR2,0.0
FGF4_FGFR3,0.0
NTN1_UNC5D,0.0005729746936176977
NTN1_DCC,0.0008594620404265465
NTN1_UNC5A,0.0
NTN1_ADORA2B,0.003628839726245416
NTN1_UNC5C,0.0008594620404265465
NTN1_NEO1,0.0014324367340442443
SCT_ADCYAP1R1,0.0
SCT_VIPR1,0.0
SCT_ADRB3,0.0
SCT_GPR84,0.0
FGF20_FGFR3,0.0
FGF20_FGFR2,0.0
DLL3_NOTCH2,0.006939360178258785
DLL3_NOTCH3,0.0002864873468088488
VCL_ITGB5,0.009135763170459945
EFNA2_EPHA7,0.0
EFNA2_EPHA10,0.0
EFNA2_EPHA3,0.0
EFNA2_EPHA6,0.0
EFNA2_EPHA4,0.0
EFNA2_EPHA2,0.0
MADCAM1_ITGA4,0.0
MADCAM1_ITGB7,0.0
TCN2_CNR1,0.020531593187967517
LGALS1_PTPRC,0.8401718924080853
NID2_COL13A1,0.0012732770969281968
RSPO4_LGR4,0.00012732770969282116
RSPO4_LGR5,3.183192742320488e-05
OXT_AVPR1A,0.010759191469043436
OXT_OXTR,0.0024828903390100234
TIMP1_FGFR2,0.4946681521566131
MMP2_PECAM1,0.5230622314181124
MMP2_SDC2,0.008276301130033362
CCL17_CCR4,0.0
CCL17_CCR8,0.0
DKK4_LRP6,0.0003183192742320537
LHB_LHCGR,9.549578226961628e-05
LHB_VIPR1,0.00012732770969282116
LHB_ADCYAP1R1,0.0002546554193856423
LHB_GPR84,6.366385484640975e-05
LHB_ADRB3,0.00022282349196243743
AMH_EGFR,0.0
AMH_ACVR1,0.0
AMH_AMHR2,0.0
COMP_CD36,0.04902116823173639
COMP_ITGB3,0.00286487346808849
LAMB1_ITGA7,0.01145949387235392
LAMB1_ITGA2,0.31083877128760146
LAMB1_ITGA3,0.017189240808530952
WNT16_FZD6,0.0019099156453923224
PDAP1_PDGFRB,0.00954957822696164
C5_GRM7,0.0005729746936176882
C5_C5AR2,0.007735158363838923
C5_C5AR1,0.033519019576635334
WNT3_RYK,0.0021009072099315578
WNT3_ROR2,6.366385484640975e-05
WNT3_FZD5,0.0007639662581569302
WNT3_LRP6,0.0006366385484641074
CCL2_CCR4,0.001846251790545885
CCL2_CCR1,0.012000636638548442
CCL2_CCR10,0.009231258952729568
CCL2_CCR3,0.002769377685818875
COL1A1_CD93,0.0155339805825242
COL1A1_DDR2,0.0058252427184466
COL1A1_ITGA11,0.0155339805825242
COL1A1_ITGA2,0.4213592233009708
COL1A1_CD36,0.2990291262135922
COL1A1_DDR1,0.0601941747572815
EFNB3_RHBDL2,0.02931720515677221
EFNB3_EPHA4,0.0011459493872353955
EFNB3_EPHB2,0.0003819831290784635
EFNB3_EPHB6,0.003055865032627718
VTN_ITGB5,0.001114117459812187
VTN_ITGA8,0.0006366385484641058
VTN_CD47,0.06254973738659868
VTN_KDR,0.0019099156453923256
VTN_ITGA2B,0.0001591596371160244
VTN_TNFRSF11B,0.0004774789113480814
VTN_ITGB8,0.021645710647779693
VTN_ITGB6,0.0001591596371160244
VTN_ITGB3,0.001432436734044244
VTN_ITGA3,0.0019099156453923256
CXCL6_CXCR2,0.008276301130033413
CXCL6_GRM7,0.0001273277096928195
IL2_IL2RG,0.0
IL2_CD53,0.0
APOC3_LDLR,0.0
APOC3_SDC2,0.0
APOC3_LRP1,0.0
KITLG_KIT,0.006875696323412379
CLEC2B_KLRF1,0.002864873468088492
IL23A_IL12RB1,0.0
IL23A_IL12RB2,0.0
FGF6_FGFR2,0.0
FGF6_FGFR3,0.0
IL26_IL10RB,0.0
IL26_IL20RA,0.0
IFNG_IFNGR2,0.0
IFNG_IFNGR1,0.0
GNB3_GABBR2,0.0006366385484641058
ULBP1_KLRK1,0.009931561356040102
LAMA4_ITGA3,0.016043291421295555
HBEGF_CD82,0.127200381983129
HBEGF_ERBB2,0.00572974693617697
HBEGF_EGFR,0.0011459493872353912
HBEGF_ERBB4,0.0017189240808530941
HBEGF_CD9,0.0020054114276619383
LTF_LRP1,0.0
TFPI_LRP1,0.01944930765557851
TFPI_F3,0.4069393601782588
WNT6_FZD4,0.0
ANGPTL1_TEK,0.002419226484163605
TGFB3_ITGB6,0.000763966258156918
TGFB3_ITGB3,0.006875696323412379
TGFB3_TGFBR2,0.12223460130510899
TGFB3_ITGB5,0.005347763807098504
IFNA7_IFNAR2,0.006812032468565964
IFNA7_IFNAR1,0.011332166162661136
IAPP_RAMP1,0.0031513608148973416
IAPP_CALCR,0.005252268024828866
IAPP_GPR84,0.002100907209931525
IAPP_ADRB3,0.007353175234760445
IAPP_ADCYAP1R1,0.008403628839726207
IAPP_VIPR1,0.004201814419863103
TNFSF10_TNFRSF11B,0.002196402992201177
TNFSF10_TNFRSF10B,0.1984084036288397
TNFSF10_TNFRSF10D,0.021231895591278017
TNFSF10_RIPK1,0.03148177622155019
EREG_ERBB3,0.08613719560719398
EREG_ERBB4,0.004201814419863121
EREG_EGFR,0.0028012096132420685
EREG_ERBB2,0.01400604806621038
EFNB2_EPHB2,0.0005093108387712846
EFNB2_EPHA4,0.0015279325163138604
EFNB2_EPHA6,0.0
EFNB2_EPHA3,0.005093108387712866
EFNB2_EPHB6,0.00407448671017029
EFNB2_PECAM1,0.040235556262931675
EFNB2_RHBDL2,0.03908960687569628
EFNB2_GRM1,0.0007639662581569302
BMP4_BMPR1A,0.009549578226961623
BMP4_LRP6,0.004774789113480811
PSPN_GFRA3,0.0
PSPN_SDC3,0.0
PSPN_GFRA4,0.0
TNFSF9_TNFRSF9,0.11281235078784016
C3_CD46,0.1874900525226802
C3_ITGAX,0.21773038357472543
C3_CR1,0.33990132102498805
C3_ITGAM,0.053222982651599554
C3_C5AR2,0.032659557536208805
C3_LRP1,0.01572497214706348
C3_GRM7,0.002419226484163574
C3_ITGB2,0.251599554353016
VASP_CXCR2,0.06207225847525068
DLL4_NOTCH3,0.0002864873468088488
DLL4_NOTCH2,0.006939360178258785
TPH1_HTR7,0.0
TPH1_HTR1A,0.0
TPH1_HTR1D,0.0
TPH1_HTR2C,0.0
TPH1_HTR2B,0.0
TPH1_HTR4,0.0
TPH1_HTR6,0.0
APOE_SORL1,0.06621040904026736
APOE_SCARB1,0.010759191469043429
APOE_LRP4,0.0024828903390100255
APOE_LDLR,0.15228394079261492
APOE_LRP8,0.0066210409040267275
APOE_LRP6,0.004138150565016702
APOE_SDC2,0.00206907528250834
APOE_LRP1,0.005379595734521714
NCAN_SDC3,0.0
BST2_LILRA4,0.010249880630272141
F12_CD93,0.0002546554193856423
F12_GP1BA,0.00022282349196243743
CRP_CR1,0.0
TSHB_VIPR1,0.00012732770969282116
TSHB_ADCYAP1R1,0.0002546554193856423
TSHB_GPR84,6.366385484640975e-05
TSHB_ADRB3,0.00022282349196243743
DSC1_DSG3,0.041445169505013514
LACRT_SDC1,0.0
GDF11_BMPR1A,0.0019099156453923224
GDF11_ACVR1B,0.0009549578226961612
GDF11_ACVR2B,0.0021009072099315565
IL1RN_IL1R1,0.0
IL36A_IL36RN,0.0
CCL21_GRM7,0.000763966258156918
CCL21_CCR7,0.0966417316568518
MMP7_CD151,0.0
MMP7_SDC1,0.0
MMP7_ERBB4,0.0
THBS1_ITGA4,0.41397421613878715
THBS1_LRP1,0.021104567881585195
THBS1_SDC1,0.019481139583001746
THBS1_ITGB3,0.01461085468725131
THBS1_CD36,0.25000795798185577
THBS1_SCARB1,0.04220913576317039
THBS1_ITGA2B,0.001623428298583451
THBS1_TNFRSF11B,0.004870284895750436
THBS1_CD47,0.6380073213433074
THBS1_ITGA3,0.019481139583001746
MSTN_ACVR2B,0.0
VWF_LRP1,0.0
VWF_ITGB3,0.0
VWF_GP1BA,0.0
VWF_ITGA2B,0.0
VWF_TNFRSF11B,0.0
VWF_SELP,0.0
VWF_SCARA5,0.0
VWF_STAB2,0.0
VWF_SIRPA,0.0
CDH1_KLRG1,0.08346331370364472
CDH1_ITGAE,0.09590959732611808
CDH1_PTPRM,0.004392805984402354
CDH1_ERBB3,0.09005252268024824
CDH1_ITGB7,0.061499283781632955
CDH1_EGFR,0.00292853732293489
TIMP2_ITGA3,0.017571223937609418
IL1A_IL1R1,0.004392805984402349
IL1B_IL1R1,0.004392805984402349
IL1B_SIGIRR,0.0019099156453923256
IL7_IL7R,0.012223460130510884
IL7_IL2RG,0.11612287123985356
CKLF_CCR4,0.001527932516313836
CKLF_LRP6,0.007639662581569297
FARP2_PLXNA1,0.005729746936176984
FARP2_PLXNA3,0.012891930606398212
LAMC2_CD151,0.009167595097883173
LAMC2_ITGA2,0.16578067802005406
LAMC2_COL17A1,0.004583797548941586
LAMC2_ITGA3,0.009167595097883173
NID1_ITGA3,0.01833519019576635
NID1_ITGB3,0.01375139264682476
NID1_COL13A1,0.0015279325163138362
NMU_GRM7,0.0
NMU_NMUR1,0.0
NMU_NMUR2,0.0
FGF2_SDC3,0.00763966258156931
FGF2_SDC2,0.0031831927423205237
FGF2_SDC1,0.00763966258156931
FGF2_FGFR3,0.0006366385484640983
FGF2_FGFR2,0.16488938405220432
FGF2_GPC4,0.0025465541938564256
FGF10_FGFR2,0.016488938405220418
OLFM2_ROBO2,0.0015915963711602686
F13A1_ITGA9,0.0002546554193856423
F13A1_ITGA4,0.01623428298583477
KNG1_ITGAM,0.0028012096132420785
KNG1_SDC2,0.00031831927423205206
KNG1_CD93,0.0005093108387712846
KNG1_GP1BA,0.00044564698392487485
KNG1_GRM7,0.0001273277096928195
KNG1_ITGB2,0.013242081808053459
KNG1_BDKRB1,0.0001273277096928195
KNG1_RXFP4,0.0001273277096928195
EGF_FSHR,0.0009549578226961635
EGF_AXL,0.13337577590323085
EGF_EGFR,0.0012732770969282124
EGF_ERBB4,0.001909915645392327
EGF_ERBB2,0.006366385484641079
EGF_RHBDL2,0.09772401718924076
EGF_LDLR,0.11714149291739608
EGF_ERBB3,0.0391532707305427
WNT2_FZD4,0.06875696323412378
WNT2_FZD2,0.07735158363838926
WNT2_LRP6,0.002864873468088485
WNT2_FZD5,0.0034378481617061882
WNT2_FZD3,0.11688683749801045
WNT2_FZD9,0.0
NPTX2_NPTXR,0.013687728791978337
GAL_GALR1,0.0
GAL_GALR3,0.0
GAL_GRM7,0.0
ADAM2_ITGB7,0.0
ADAM2_CD9,0.0
ADAM2_ITGA9,0.0
ADAM28_ITGA4,0.03246856597166954
INHBE_ACVR2B,0.008403628839726235
DHH_PTCH1,0.0
DHH_BOC,0.0
DHH_CDON,0.0
DHH_PTCH2,0.0
NPFF_NPFFR1,0.0
NPFF_NPFFR2,0.028330415406652834
FGF7_FGFR2,0.3957345217252905
FGF7_FGFR3,0.0015279325163138362
MFGE8_PDGFRB,0.008594620404265476
MFGE8_ITGB3,0.012891930606398214
CGN_F11R,0.0
CGN_TGFBR2,0.0
REN_ATP6AP2,0.0
GDF7_BMPR1A,0.0
CALM2_SELL,0.646156294763648
CALM2_EGFR,0.0067483686137195294
CALM2_GRM7,0.0033741843068597214
CALM2_TRPC5,0.0067483686137195294
CALM2_CACNA1C,0.018558013687728726
CALM2_KCNQ3,0.013496737227439059
CALM2_MYLK,0.04217730383574721
CALM2_PDE1A,0.00843546076714939
CALM2_PDE1C,0.005061276460289669
CALM2_GP6,0.33573133853254816
CALM2_AQP6,0.5651758713990133
CALM2_SCN10A,0.013496737227439059
CALM2_AQP1,0.0067483686137195294
CALM2_SCN4A,0.03205475091516787
NXPH2_NRXN1,0.0
UCN2_IL10RB,0.012478115549896529
UCN2_CRHR2,0.0002546554193856423
UCN2_CRHR1,0.0
SFRP2_FZD5,0.009167595097883173
IL9_IL2RG,0.0
IL9_IL9R,0.0
FGF18_FGFR3,9.549578226961465e-05
FGF18_FGFR2,0.02473340760783063
LIN7C_HTR2C,0.004711125258634388
LIN7C_KCNJ4,0.0
SERPING1_SELP,0.016870921534298866
SERPING1_SELE,0.010122552920579338
GPHA2_EPHA6,0.0
IL18_IL18R1,0.004138150565016702
IL18_IL18BP,0.038484800254655394
IL18_IL18RAP,0.0028967053955116892
PTH_LRP6,0.0
PTH_ADRB3,0.0
PTH_GPR84,0.0
PTH_ADCYAP1R1,0.0
PTH_VIPR1,0.0
BMP3_ACVR2B,0.007003024033105192
BMP3_BMPR1A,0.006366385484641079
WNT3A_LGR5,0.0
WNT3A_LRP1,0.0
WNT3A_LRP6,0.0
WNT3A_FZD6,0.0
WNT3A_FZD2,0.0
WNT3A_FZD5,0.0
WNT3A_RYK,0.0
WNT3A_ATP6AP2,0.0
WNT3A_FZD3,0.0
APP_FPR2,0.006239057774948245
APP_RPSA,0.7814419863122711
APP_TNFRSF21,0.024956231099793058
APP_AGER,0.023396466656056016
APP_PTGER2,0.001559764443737041
APP_APLP2,0.2776380709851981
APP_LRP6,0.015597644437370651
APP_SORL1,0.24956231099793091
APP_LRP1,0.020276937768581853
APP_NOTCH2,0.34002864873468086
APP_GRM7,0.003119528887474082
APP_DCC,0.014037879993633609
WNT7A_LDLR,0.0
WNT7A_LRP6,0.0
WNT7A_FZD5,0.0
WNT7A_FZD10,0.0
WNT7A_FZD9,0.0
DKK2_LRP6,0.0025465541938564317
WIF1_RYK,0.0
CXCL13_CXCR5,0.017061913098838116
CXCL13_CCR10,0.0006366385484641074
CXCL13_GRM7,0.0001273277096928195
GDF6_BMPR1A,0.0
NODAL_ACVR1B,0.0003183192742320537
NODAL_ACVR2B,0.0007003024033105187
NODAL_SMAD3,0.0030876969600509277
NODAL_ACVR1C,0.00015915963711602603
SST_SSTR2,0.0
SST_SSTR3,0.0
SST_GRM7,0.0
CALM3_AR,0.007830654146108545
CALM3_SCN4A,0.024797071462677036
CALM3_AQP1,0.005220436097405674
CALM3_AQP6,0.4372115231577272
CALM3_GP6,0.2597166958459335
CALM3_SCN10A,0.010440872194811348
CALM3_PDE1C,0.003915327073054272
CALM3_PDE1A,0.006525545121757075
CALM3_KCNQ3,0.010440872194811348
CALM3_MYLK,0.03262772560878558
CALM3_CACNA1C,0.014356199267865619
CALM3_TRPC5,0.005220436097405674
CALM3_SELL,0.4998567563265956
CALM3_GRM7,0.002610218048702803
CALM3_EGFR,0.005220436097405674
TFF1_FCRL4,0.0
S100A1_AGER,0.0004774789113480814
S100A1_TRPM3,0.00019099156453923256
S100A1_RYR1,0.0002864873468088488
S100A1_TLR4,0.0005411427661944911
SCGB3A1_NOTCH3,0.0
SCGB3A1_MARCO,0.0
HCRT_HCRTR1,0.0
HCRT_NPFFR2,0.0
SHANK1_SSTR2,0.0069075282508355785
WNT1_FZD9,0.0
WNT1_FZD3,0.0
WNT1_ROR2,0.0
WNT1_RYK,0.0
WNT1_FZD5,0.0
WNT1_LRP6,0.0
NTN3_NEO1,0.0
NTN3_CDON,0.0
FGF19_KLB,0.0
FGF19_FGFR2,0.0
FGF19_FGFR3,0.0
DRAXIN_DCC,0.0
ARPC5_LDLR,0.4919942702530638
TGFA_ERBB3,0.0
TGFA_ERBB2,0.0
TGFA_EGFR,0.0
TGFA_ERBB4,0.0
COL6A3_ITGA2,0.41445169505013524
CXCL3_CXCR2,0.016552602260066825
CXCL3_GRM7,0.000254655419385639
CXCL5_GRM7,0.0
CXCL5_CXCR2,0.0
PPBP_CXCR2,0.0
PPBP_GRM7,0.0
PF4_GRM7,6.366385484640975e-05
PF4_FGFR2,0.008244469202610209
PF4_LRP1,0.00041381505650167
PF4_LDLR,0.0117141492917396
PF4_THBD,0.00015915963711602603
PF4_SDC2,0.00015915963711602603
PF4_PROCR,3.183192742320488e-05
UCN_CRHR2,0.0
UCN_CRHR1,0.0
LIPH_LPAR1,0.0
LIPH_LPAR2,0.0
CAMP_EGFR,0.00012732770969282116
CAMP_FPR2,0.00012732770969282116
IL15_IL15RA,0.014610854687251306
IL15_IL2RG,0.16450740092312588
SCGB3A2_MARCO,0.0
IL3_CSF2RB,0.0014006048066210392
IL3_IL3RA,0.0012414451695050117
COL1A2_ITGA2B,0.0019417475728155
COL1A2_ITGA2,0.4213592233009708
COL1A2_CD93,0.0155339805825242
COL1A2_ITGA11,0.0155339805825242
COL1A2_ITGB3,0.0174757281553398
COL1A2_CD36,0.2990291262135922
DEFB1_CCR6,0.013655896864555131
ARF6_SMAP1,0.09893363043132258
JAM3_ITGB2,0.251599554353016
HSP90B1_LRP1,0.023587458220595218
HSP90B1_ERBB2,0.03628839726245417
HSP90B1_TLR4,0.030845137673086033
HSP90B1_ASGR1,0.0018144198631226804
HSP90B1_TLR9,0.18688524590163935
COL6A2_ITGA2,0.39372911029762847
ANGPTL4_GPIHBP1,0.0
ANGPTL4_TIE1,0.0014006048066210162
FADD_FAS,0.01693458538914529
DEFB4A_TLR4,0.0
CD14_TLR4,0.003787999363361441
CD14_TLR6,0.06083081330574565
CD14_RIPK1,0.009581410154384837
CD14_ITGB2,0.046347286328187146
CD14_ITGA4,0.05681999045042175
CD14_TLR9,0.02295081967213114
COL3A1_DDR2,0.0058252427184466
COL3A1_DDR1,0.0601941747572815
COL3A1_ITGA2,0.4213592233009708
NLGN2_MDGA1,0.01273277096928216
NLGN2_NRXN1,0.012096132420818063
NLGN2_NRXN2,0.003819831290784655
BMP1_BMPR1A,0.023555626293172004
FGB_ITGA2B,0.0001909915645392295
FGB_TLR4,0.0032468565971669502
FGB_ITGAM,0.008403628839726243
FGB_ITGB3,0.0017189240808530948
FGB_ITGB2,0.039726245424160415
FGA_ITGB2,0.0
FGA_ITGAD,0.0
FGA_ITGB3,0.0
FGA_ITGAM,0.0
FGA_TLR4,0.0
FGA_ITGA2B,0.0
FGA_ITGAX,0.0
FGA_CDH5,0.0
CXCL11_GRM7,0.0001273277096928195
CXCL11_CCR3,0.00019099156453923256
CXCL11_DPP4,0.0008912939678497497
PRND_RPSA,0.41464268661467446
NPTX1_NPTXR,0.006843864395989168
CCL19_CCR10,0.004456469839248756
CCL19_GRM7,0.0008912939678497375
CCL19_CCR7,0.11274868693299375
CCL19_CCRL2,0.004456469839248756
PLG_F2R,0.020245105841158656
PLG_FLT1,0.018016870921534277
PLG_F2RL1,0.006875696323412372
PLG_ITGA9,0.0002546554193856423
PLG_ITGB2,0.013242081808053459
PLG_ITGAM,0.0028012096132420785
PLG_F3,0.01731656851822376
CSHL1_GHR,0.0
LPL_GPIHBP1,0.0
LPL_LRP1,0.0
LPL_SDC1,0.0
EFEMP2_PLSCR4,0.0015279325163138362
EFEMP2_AQP1,0.006111730065255423
VEGFB_FLT1,0.11710966098997291
GH1_GHR,0.0
GNAI2_C5AR1,0.12290307178099631
GNAI2_LHCGR,0.0031513608148973416
GNAI2_CNR1,0.04516950501352854
GNAI2_CXCR2,0.1365589686455515
GNAI2_EGFR,0.004201814419863103
GNAI2_LPAR3,0.0031513608148973416
GNAI2_ADORA1,0.004201814419863103
GNAI2_ADRA2B,0.0
GNAI2_FPR1,0.004201814419863103
GNAI2_TBXA2R,0.46114913257997775
GNAI2_EDNRB,0.01680725767945247
GNAI2_ADCY7,0.13760942225051725
GNAI2_F2R,0.3340442463791183
GNAI2_ADCY9,0.007353175234760445
GNAI2_S1PR4,0.04727041222346012
GNAI2_S1PR1,0.1806780200541143
GNAI2_CHRM1,0.002100907209931525
TLN1_ITGB3,0.012032468565971665
TLN1_ITGB5,0.009358586662422383
TAC1_TACR1,0.0002546554193856423
TAC1_TACR2,0.0003501512016552586
LPA_LPAR3,0.00019099156453923256
LPA_LPAR2,0.0014642686614674476
LPA_LPAR1,0.0002546554193856423
LPA_ITGB2,0.013242081808053459
LPA_ITGAM,0.0028012096132420785
MMP1_ITGA2,0.11052045201336938
LAMA3_ITGA3,0.004965780678020051
LAMA3_SDC2,0.00206907528250834
SEMA6D_KDR,0.0015279325163138604
SEMA6D_PLXNA1,0.0015279325163138604
WNT11_MUSK,0.0001273277096928195
WNT11_KLRG2,0.0001273277096928195
PSEN1_NOTCH3,0.008594620404265474
PSEN1_NOTCH2,0.2081808053477638
BGN_LY96,0.09625974852777333
BGN_TLR4,0.030303994906891542
IZUMO1_CD9,0.0
JAG2_NOTCH2,0.0
JAG2_NOTCH3,0.0
NXPH3_NRXN2,0.0005729746936176977
NXPH3_NRXN1,0.001814419863122708
CNTN2_CNTN1,6.366385484640975e-05
CALCA_ADRB3,0.0
CALCA_GPR84,0.0
CALCA_ADCYAP1R1,0.0
CALCA_VIPR1,0.0
CALCA_CALCR,0.0
CALCA_RAMP1,0.0
CALCA_CALCRL,0.0
SLIT3_ROBO2,0.011141174598121893
SLIT3_ROBO1,0.021168231736431616
GH2_GHR,0.014642686614674499
FGF3_FGFR2,0.0
FGF3_FGFR3,0.0
GHRL_TBXA2R,0.04192264841636156
GHRL_PTGER3,0.0016234282985834734
GHRL_GHRHR,9.549578226961465e-05
GHRL_PTGIR,9.549578226961465e-05
FGG_ITGB3,0.0
FGG_TLR4,0.0
FGG_ITGA2B,0.0
FGG_ITGB2,0.0
CXCL14_CXCR4,0.47859302880789434
EDN3_KEL,0.0
EDN3_EDNRB,0.0
RTN4_TNFRSF19,0.007480502944453233
RTN4_RTN4RL1,0.0
NTN4_DCC,0.005156772242559284
NTN4_UNC5A,0.0
WNT7B_FZD4,0.16807257679452486
WNT7B_FZD10,0.0007003024033105081
WNT7B_TMED5,0.10574566289988856
ICAM4_RHAG,0.0017189240808530948
ICAM4_ITGA4,0.1461085468725131
ICAM4_ITGB2,0.11917873627248125
ICAM4_ITGAM,0.02521088651917873
ICAM4_ITGB3,0.005156772242559284
ICAM4_ITGA2B,0.0005729746936176884
HMGB1_TLR9,0.18360655737704923
HMGB1_CD163,0.010695527614197039
HMGB1_AGER,0.026738819035492595
HMGB1_CXCR4,0.8645551488142609
HMGB1_SDC1,0.021391055228394077
HMGB1_THBD,0.00891293967849747
HMGB1_TLR4,0.030303994906891542
COL18A1_ITGB5,0.0046792933312111915
COL18A1_ITGB3,0.006016234282985832
COL18A1_KDR,0.008021645710647778
COL18A1_ITGA3,0.008021645710647778
COL18A1_GPC4,0.0026738819035492475
HP_CD22,0.012191628203087683
HP_ASGR2,3.183192742320488e-05
HP_CD163,0.00019099156453923256
HP_TLR4,0.0005411427661944911
HP_ITGAM,0.0014006048066210392
HP_ASGR1,3.183192742320488e-05
HP_ITGB2,0.006621040904026729
RSPO1_LGR4,0.0003819831290784635
RSPO1_LGR5,9.549578226961465e-05
RSPO1_LRP6,0.0009549578226961612
RSPO1_ZNRF3,0.025401878083717938
ADAM15_ITGB3,0.006875696323412379
ADAM15_ITGA9,0.003055865032627711
APOA4_LDLR,0.0
APOA4_LRP1,0.0
GAD1_GRM4,0.0
NLGN3_NRXN1,0.0006048066210409026
NLGN3_NRXN2,0.00019099156453923256
CCL20_CCR6,0.013655896864555131
CCL20_GRM7,6.366385484640975e-05
PYY_GRM7,0.0
PYY_DPP4,0.0
PYY_NPY5R,0.0
PYY_NPY1R,0.0
PYY_FAP,0.0
PYY_NPY2R,0.0
F8_ASGR2,0.0002864873468088441
F8_LDLR,0.10542734362565646
F8_LRP1,0.0037243355085150322
COL4A2_ITGB5,0.008021645710647757
COL4A2_ITGB3,0.01031354448511857
COL4A2_CD93,0.009167595097883134
CCL28_GRM7,0.0005093108387712785
CCL28_CCR10,0.0025465541938564317
CCL28_CCR3,0.0007639662581569309
CXCL9_DPP4,0.002228234919624374
CXCL9_CCR3,0.0004774789113480814
CXCL9_GRM7,0.0003183192742320488
CXCL9_FCGR2A,0.014006048066210391
CNTF_CNTFR,3.183192742320488e-05
CNTF_EGFR,0.00012732770969282116
THBS2_NOTCH3,0.015756804074486708
THBS2_ITGA4,0.4464427821104568
THBS2_CD47,0.6880471112525864
THBS2_ITGB3,0.015756804074486708
THBS2_CD36,0.2696164252745504
LEFTY2_ACVR2B,0.0007003024033105187
LEFTY2_ACVR1B,0.0003183192742320537
C4BPA_LRP1,0.00041381505650167
C4BPA_CD40,0.008212637275187003
VIP_AVPR1A,0.0
VIP_ADRB3,0.0
VIP_GPR84,0.0
VIP_VIPR1,0.0
VIP_ADCYAP1R1,0.0
VIP_RAMP1,0.0
VIP_DPP4,0.0
FASLG_FAS,0.0006048066210409026
FASLG_TNFRSF10B,0.008626452331688673
FASLG_TNFRSF1A,0.0003183192742320537
APOA2_LDLR,0.0
APOA2_LRP1,0.0
SEMA4A_PLXNB2,0.009167595097883171
EFNA1_EPHA7,0.00019099156453923256
EFNA1_EPHA10,0.022918987744707915
EFNA1_EPHA3,0.002546554193856433
EFNA1_EPHA4,0.0007639662581569302
EFNA1_EPHA6,0.0
EFNA1_EPHB6,0.002037243355085145
EFNA1_EPHA2,0.0001273277096928195
ADAM12_ITGA9,0.004583797548941567
S100A8_TLR4,0.0005411427661944911
S100A8_CD36,0.004902116823173637
S100A8_ITGB2,0.006621040904026729
S100A8_AGER,0.0004774789113480814
NGF_KIDINS220,0.028521406971192077
NGF_NTRK1,0.0004456469839248687
NGF_TRPV1,0.1893999681680725
NGF_SORCS3,0.0035651758713989954
NGF_SORT1,0.0049021168231736245
WNT2B_FZD4,0.0
COL11A1_ITGA2,0.09670539551169818
COL11A1_DDR1,0.013815056501671159
ITGB3BP_ITGB3,0.005156772242559284
ITGB3BP_ITGB5,0.0040108228553238775
ANGPTL3_ITGB3,0.0
RBP4_STRA6,6.366385484640975e-05
COL5A1_SDC3,0.020245105841158677
SFTPD_TLR4,0.0
SFTPD_SIRPA,0.0
SFTPD_LY96,0.0
MMP9_TLR9,0.00655737704918032
MMP9_IFNAR1,0.02266433232532227
MMP9_ITGAM,0.0028012096132420785
MMP9_LRP1,0.00082763011300334
MMP9_EPHB2,0.0002546554193856423
MMP9_ITGB2,0.013242081808053459
EDN2_KEL,0.0
EDN2_EDNRB,0.0
ANGPTL2_TIE1,0.002419226484163574
GHRH_GHRHR,3.183192742320488e-05
GHRH_VIPR1,0.00012732770969282116
GHRH_ADCYAP1R1,0.0002546554193856423
GHRH_ADRB3,0.00022282349196243743
GHRH_GPR84,6.366385484640975e-05
TNFSF15_TNFRSF25,0.0028012096132420685
GDF5_ROR2,0.0
GDF5_ACVR1,0.0
GDF5_BMPR1A,0.0
GDF5_ACVR2B,0.0
EDA_EDAR,0.00025465541938563923
EDA_EDA2R,0.0007639662581569309
F10_F3,0.12987426388667836
F10_ITGAM,0.02100907209931561
F10_ITGB2,0.09931561356040106
SYK_LAT,0.004551965621518375
SYK_FCGR2A,0.030813305745662895
FGF14_FGFR2,0.06595575362088173
FGF14_FGFR3,0.00025465541938563923
HLA-C_LILRA1,0.0368932038834951
HLA-C_LILRB1,0.5359223300970873
HLA-C_CD3G,0.4854368932038835
HLA-C_KIR3DL1,0.0097087378640776
ANXA1_EGFR,0.006239057774948245
ANXA1_GRM7,0.003119528887474082
ANXA1_FPR1,0.006239057774948245
ANXA1_FPR2,0.006239057774948245
ACTR2_LDLR,0.5622791660035015
NDP_FZD4,0.022918987744707915
NDP_LGR4,0.0003819831290784635
AGRN_LRP4,0.0030558650326277244
AGRN_LRP1,0.006621040904026727
AGRN_ATP1A3,0.0040744867101702815
AGRN_MUSK,0.0005093108387712786
INSL3_ADRB3,0.0
INSL3_GPR84,0.0
INSL3_ADCYAP1R1,0.0
INSL3_VIPR1,0.0
AVP_LDLR,0.0
AVP_VIPR1,0.0
AVP_ADCYAP1R1,0.0
AVP_GPR84,0.0
AVP_ADRB3,0.0
AVP_OXTR,0.0
AVP_AVPR1A,0.0
COL2A1_ITGA10,0.0
COL2A1_DDR1,0.0
COL2A1_ITGA2B,0.0
COL2A1_ITGA2,0.0
RLN2_ADRB3,0.0
RLN2_GPR84,0.0
RLN2_ADCYAP1R1,0.0
RLN2_VIPR1,0.0
RLN2_RXFP3,0.0
RPH3A_NRXN1,0.0
LAMA1_RPSA,0.2232691389463631
LAMA1_ITGA3,0.005347763807098517
LAMA1_NT5E,0.03431481776221548
LAMA1_ITGA2,0.09670539551169818
LAMA1_ITGA7,0.0035651758713989954
LAMA1_ITGB8,0.060607989813783195
LAMA1_SDC2,0.002228234919624366
CCL25_CCR10,0.0
CCL25_GRM7,0.0
LAMB3_ITGA2,0.04835269775584909
LAMB3_CD151,0.0026738819035492583
LAMB3_ITGA3,0.0026738819035492583
LAMB3_COL17A1,0.0013369409517746292
IL1F10_IL1R1,0.0
CCL8_CCR3,0.0
CCL8_CCR1,0.0
COL4A6_CD93,0.0
COL4A6_ITGA2,0.0
COL4A6_CD47,0.0
CCL26_CCR1,0.0028967053955116923
CCL26_CCR3,0.0006684704758873146
SPP1_ITGA4,0.01623428298583477
SPP1_ITGB5,0.00044564698392487485
SPP1_ITGB3,0.0005729746936176976
SPP1_ITGA9,0.0002546554193856423
LGALS9_MRC2,0.0004456469839248687
LGALS9_HAVCR2,0.07486869329937926
LGALS9_SLC1A5,0.011586821582046781
LGALS9_CD47,0.08756963234123824
ADM2_GPR84,0.0013369409517746066
ADM2_ADRB3,0.0046792933312111915
ADM2_VIPR1,0.0026738819035492475
ADM2_ADCYAP1R1,0.005347763807098495
ADM2_CALCR,0.0033423523794365506
ADM2_RAMP1,0.0020054114276619444
ADM2_CALCRL,0.005347763807098495
CXCL12_CD4,0.036097405697914996
CXCL12_DPP4,0.02406493713194327
CXCL12_CCR4,0.0034378481617061314
CXCL12_GRM7,0.0034378481617061314
CXCL12_CXCR4,0.8336781792137514
CXCL12_AVPR1A,0.2904981696641731
BMP7_ACVR1,0.00954957822696164
BMP7_ACVR2B,0.017507560082762993
BMP7_BMPR1A,0.015915963711602706
COL4A3_ITGA3,0.0015279325163138604
COL4A3_CD47,0.050039789909278945
COL4A3_ITGB3,0.0011459493872353953
COL4A3_CD93,0.0010186216775425693
COL4A3_ITGA2,0.027630113003342314
COL4A4_ITGA2,0.06907528250835583
COL4A4_CD93,0.0025465541938564248
COL4A4_ITGB3,0.00286487346808849
COL4A4_CD47,0.12509947477319744
HLA-A_ERBB2,0.03628839726245417
HLA-A_KIR3DL1,0.009072099315613496
HLA-A_CD3G,0.45360496578067805
HLA-A_LILRA1,0.034473977399331494
HLA-A_APLP2,0.3229667356358427
HLA-A_LILRB1,0.5007798822218685
HLA-A_KIR3DL2,0.007257679452490815
CNTN4_PTPRG,0.012032468565971661
TCTN1_TMEM67,0.07015756804074481
PDCD1LG2_PDCD1,0.005729746936176984
TNFSF11_LGR4,0.0006366385484641058
TNFSF11_TNFRSF11B,0.0004774789113480814
TNFSF11_TNFRSF11A,0.0015915963711602686
DSCAM_DCC,0.0
FBLN2_ITGB3,0.01461085468725131
NXPH1_NRXN1,0.0
NXPH1_NRXN2,0.0
SAA1_FPR2,0.0
SAA1_FPR1,0.0
SAA1_GRM7,0.0
SAA1_SCARB1,0.0
MDK_SORL1,0.14770014324367337
MDK_SDC3,0.0110775107432755
MDK_SDC1,0.0110775107432755
MDK_LRP1,0.012000636638548442
MDK_ITGA4,0.23539710329460442
TF_TFR2,0.0
TF_HFE,0.0
TF_LDLR,0.0
ARTN_GFRA3,0.0
PTPN6_CD300LF,0.0002864873468088489
PTPN6_FCRL4,0.0010504536049657758
CLEC2A_KLRF2,3.183192742320488e-05
NTF3_NTRK1,9.549578226961465e-05
NTF3_NTRK2,0.0014324367340442443
RLN3_RXFP3,0.0
RLN3_RXFP4,0.0
RLN3_GRM7,0.0
RLN3_VIPR1,0.0
RLN3_ADCYAP1R1,0.0
RLN3_GPR84,0.0
RLN3_ADRB3,0.0
TNF_TNFRSF1B,0.00767149450899251
TNF_TNFRSF1A,0.0003183192742320537
TNF_RIPK1,0.0013687728791978327
TNF_TNFRSF21,0.0005093108387712863
TNF_FAS,0.0006048066210409026
TNF_PTPRS,0.0010186216775425725
TNF_FFAR2,0.010218048702848946
TNF_ICOS,0.00022282349196243743
LAMA2_ITGA7,0.008658284259111849
LAMA2_ITGA2,0.23485596052840993
LAMA2_ITGA3,0.012987426388667829
LAMA2_RPSA,0.542225051726882
HRAS_SDC2,0.0007957981855801302
HRAS_GRIN2D,0.0001591596371160244
HRAS_TLR9,0.0163934426229508
GDNF_EDNRB,0.007130351742798014
GDNF_GFRA3,0.0
HLA-G_KIR3DL1,0.004933948750596813
HLA-G_CD4,0.020722584752506757
HLA-G_LILRB1,0.272353971032946
FSHB_ADCYAP1R1,0.0
FSHB_VIPR1,0.0
FSHB_ADRB3,0.0
FSHB_GPR84,0.0
FSHB_FSHR,0.0
ADM_CALCRL,0.008148973420340565
ADM_RAMP1,0.003055865032627725
ADM_CALCR,0.005093108387712839
ADM_ADCYAP1R1,0.008148973420340565
ADM_VIPR1,0.004074486710170282
ADM_GPR84,0.0020372433550851147
ADM_ADRB3,0.007130351742798006
PTHLH_ADRB3,0.0024510584115868144
PTHLH_GPR84,0.0007003024033105081
PTHLH_VIPR1,0.0014006048066210342
PTHLH_ADCYAP1R1,0.0028012096132420685
ADCYAP1_ADCYAP1R1,0.0
ADCYAP1_VIPR1,0.0
ADCYAP1_GPR84,0.0
ADCYAP1_ADRB3,0.0
ADCYAP1_DPP4,0.0
CGA_LHCGR,0.0
CGA_ADRB3,0.0
CGA_GPR84,0.0
CGA_VIPR1,0.0
CGA_ADCYAP1R1,0.0
CGA_FSHR,0.0
S100A10_CFTR,0.0068756963234123504
SHANK2_CFTR,0.0010186216775425702
S100A4_ERBB2,0.023555626293172004
S100A4_EGFR,0.004711125258634388
TNFSF13B_CD40,0.16425274550374022
TNFSF13B_TNFRSF13B,0.0751233487187649
LTA_LTBR,0.0
LTA_RIPK1,0.0
LTA_TNFRSF1A,0.0
LTA_TNFRSF1B,0.0
NTF4_NTRK1,0.0
NTF4_NTRK2,0.0
FAM3C_GLRA2,0.008912939678497513
C1QB_C1QBP,0.010695527614197026
C1QB_LRP1,0.00082763011300334
GNRH2_GNRHR,0.0
IL22_IL10RA,0.0
IL22_IL22RA2,0.0
IL22_IL21R,0.0
IL22_IL10RB,0.0
IL10_IL10RB,0.1746936176985516
IL10_IL10RA,0.13369409517746297
CLEC2D_KLRB1,0.0038198312907846287
PDYN_GRM7,0.0
PODXL2_SELL,0.012191628203087683
CD34_SELL,0.20725767945249085
CD34_SELP,0.005411427661944919
MUC7_SELL,0.0
PODXL_SELL,0.23164093585866627
MICA_KLRK1,0.0244469202610218
RAET1L_KLRK1,0.0015279325163138604
ULBP2_KLRK1,0.005347763807098517
RAET1G_KLRK1,0.0007639662581569302
CD55_CR1,0.3488460926309088
GPC3_LRP1,0.006621040904026727
A2M_LRP1,0.00786248607353174
SERPINA1_LRP1,0.00041381505650167
SERPINE2_LRP1,0.01903549259907684
MMP13_LRP1,0.0
HPX_LRP1,0.00041381505650167
LIPC_LRP1,0.0
PSAP_LRP1,0.02441508833359856
PSAP_SORT1,0.020658920897660284
PSAP_GPR37,0.0018780837179690904
PSAP_CD1B,0.0
PSAP_AR,0.011268502307814737
ASIP_MC4R,0.0
ASIP_MC5R,0.0
ASIP_MC2R,0.002387394556740407
ASIP_F11R,0.011554989654623572
ASIP_MC1R,0.0003183192742320537
ASIP_ATRN,0.0013369409517746279
ASIP_MC3R,6.366385484640975e-05
SFTPA2_CD93,0.0
MBL2_CD93,0.0002546554193856423
MBL2_CALCR,0.00015915963711602603
C1QA_CR1,0.0
C1QA_CD93,0.0
C1QA_CSPG4,0.0
IGFL1_IGFLR1,0.0
IGFL3_IGFLR1,0.0
GSTP1_EGFR,0.0067483686137195294
GALP_GALR3,0.0
GALP_GALR1,0.0
NTNG2_LRRC4,0.0010822855323889822
NTNG2_LRRC4C,0.0001273277096928195
GUCA2B_GUCY2D,0.0
NMS_NMUR2,0.0
NMS_NMUR1,0.0
NMS_GRM7,0.0
VEGFC_FLT1,0.14413496737227438
VEGFC_CCBE1,0.2169664173165685
VEGFC_ITGA9,0.0020372433550851408
VEGFC_KDR,0.006111730065255449
DSC3_DSG3,0.12433550851504054
PDGFA_PDGFRA,0.0031513608148973403
PDGFA_PDGFRB,0.0021009072099315604
FGF21_FGFR3,0.0
FGF21_FGFR2,0.0
FGF21_KLB,0.0
NMB_GRPR,0.0012732770969282093
NMB_BRS3,0.00025465541938563923
B2M_HLA-F,0.7650485436893204
B2M_CD1B,0.0
B2M_LILRB1,0.5359223300970873
B2M_CD247,0.0233009708737864
B2M_HFE,0.0174757281553398
B2M_KIR3DL1,0.0097087378640776
B2M_KLRC2,0.0058252427184466
B2M_CD3G,0.4854368932038835
EDIL3_ITGB5,0.0024510584115868144
CP_SLC40A1,0.003310520452013353
SOSTDC1_LRP6,0.0
DKK1_LRP6,0.00700302403310519
HSPA1A_GRIN2D,0.0012732770969281968
HSPA1A_TLR4,0.02164571064777967
IL27_IL27RA,0.0
PROS1_AXL,0.4401400604806621
PROS1_TYRO3,0.009454082444692024
INS_LILRB1,0.0
GREM1_KDR,0.00763966258156931
NRG1_ERBB3,0.046983924876651255
NRG1_LGR4,0.0015279325163138555
NRG1_ERBB2,0.007639662581569297
NRG1_EGFR,0.0015279325163138555
NRG1_ERBB4,0.002291898774470793
SLIT2_SDC1,0.010695527614197035
SLIT2_DCC,0.008021645710647776
SLIT2_ROBO4,0.0
SLIT2_ROBO1,0.01693458538914529
SLIT2_ROBO2,0.008912939678497513
NPPA_NPR1,0.0002546554193856423
PGF_FLT1,0.0810759191469043
NCAM1_ROBO1,0.001814419863122708
NCAM1_CACNA1C,0.0010504536049657758
NCAM1_FGFR2,0.02473340760783063
NRG3_ERBB3,0.0
NRG3_ERBB4,0.0
NRG3_ERBB2,0.0
AREG_EGFR,0.0
AREG_ERBB3,0.0
NRG2_ERBB3,0.01566130829221707
NRG2_ERBB4,0.0007639662581569302
NRG2_ERBB2,0.0025465541938564295
SEMA4D_ERBB2,0.0025465541938564295
SEMA4D_PLXNB2,0.004583797548941581
IFNA14_IFNAR2,0.0
IFNA14_IFNAR1,0.0
IFNA10_IFNAR2,0.0
IFNA10_IFNAR1,0.0
IFNA8_IFNAR1,0.0
IFNA8_IFNAR2,0.0
IFNE_IFNAR2,0.013624064937131928
IFNE_IFNAR1,0.02266433232532227
IFNA21_IFNAR1,0.0
IFNA21_IFNAR2,0.0
IL24_IL20RA,0.0
IL24_IL10RB,0.0
PTPN11_FCRL4,0.011905140856278806
EFEMP1_EGFR,0.00572974693617696
FGL1_EGFR,0.00012732770969282116
ANG_EGFR,0.0015279325163138555
CXCL2_DPP4,0.004010822855323877
CXCL2_CXCR2,0.037243355085150386
CXCL2_GRM7,0.0005729746936176882
CXCL2_XCR1,0.004870284895750423
CXCL1_GRM7,0.0003183192742320488
CXCL1_CXCR2,0.020690752825083533
PPY_GRM7,0.0
PPY_NPY2R,0.0
PPY_NPY5R,0.0
PPY_NPY1R,0.0
IL25_IL17RB,0.0
IFNL3_IL10RB,0.0
CCL3_CCR4,6.366385484640975e-05
CCL3_CCR1,0.00041381505650167
CCL3_CCR3,9.549578226961628e-05
FGF12_FGFR2,0.0
FGF12_FGFR3,0.0
CGB5_LHCGR,0.0
CCL15_CCR1,0.0
CCL15_CCR3,0.0
CCL23_CCR1,0.0
CCL18_CCR8,0.0
CCL18_CCR1,0.0
CCL18_CCR3,0.0
LTBP3_ITGB5,0.007353175234760445
MST1_MST1R,0.0002864873468088489
CHAD_ITGA2,0.0
NUCB2_ERAP1,0.18908164889384055
FAT4_DCHS1,0.005602419226484137
CD86_CD28,0.0
ACE2_SLC6A19,0.0
TSLP_IL7R,0.002037243355085145
CER1_MRC2,0.0
CD200_CD200R1,0.007162183670221229
C4B_CR1,0.14311634569473178
C4B_CD46,0.07894318000954954
IL19_IL20RA,0.0
EDN1_EDNRB,0.003055865032627721
EDN1_KEL,0.000381983129078459
SEMA4B_DCBLD2,0.0024828903390100225
PTMA_VIPR1,0.007512334871876458
TNFSF18_TNFRSF18,0.0
OBP2A_OR1G1,0.0
F7_F3,0.01731656851822376
RGMA_NEO1,0.00763966258156931
RGMA_HFE,0.004583797548941586
RGMA_TFR2,0.0035651758713990027
WNT5B_KLRG2,0.0001273277096928195
CD5L_CD5,0.0
GSTO1_RYR1,0.010600031831927419
ANGPT4_TIE1,0.0
ANGPT4_TEK,0.0
IRAK4_TLR6,0.33891453127486876
IRAK4_TLR4,0.02110456788158518
COLQ_MUSK,0.00025465541938563923
QRFP_QRFPR,0.007034855960528401
GDF10_ACVR1B,0.0015915963711602686
NID2_ITGB3,0.011459493872353966
NID2_ITGA2,0.27630113003342344
LAMB1_LRP1,0.018621677542575172
LAMB1_ITGB3,0.012891930606398214
C5_ITGA4,0.07305427343625652
C5_LRP1,0.0037243355085150322
C5_ITGB3,0.002578386121279641
C5_LDLR,0.10542734362565646
C5_CALCR,0.0014324367340442352
C5_TLR4,0.004870284895750423
C5_ASGR2,0.0002864873468088441
COL1A1_ITGB5,0.0135922330097087
COL1A1_ITGB3,0.0174757281553398
COL1A1_ITGB8,0.2640776699029126
COL1A1_CD47,0.7631067961165049
COL1A1_ITGA2B,0.0019417475728155
COL1A1_SDC3,0.0233009708737864
COL1A1_BCAM,0.0019417475728155
COL1A1_GPC4,0.0077669902912621
COL1A1_ITGA3,0.0233009708737864
COL1A1_ITGA10,0.0174757281553398
LAMA4_LRP1,0.01738023237307016
LAMA4_ITGB3,0.012032468565971665
LAMA4_ITGA2,0.29011618653509463
C3_ITGB3,0.01088651917873627
C3_TLR4,0.020563425115390686
NCAN_ITGB3,0.0
NCAN_ITGA2,0.0
NCAN_CD93,0.0
DSC1_LRP1,0.0024828903390100225
THBS1_ITGA2,0.35228394079261494
VWF_EGFR,0.0
VWF_ITGA4,0.0
VWF_SDC2,0.0
VWF_ITGB6,0.0
VWF_ITGA8,0.0
VWF_CD46,0.0
VWF_ROBO1,0.0
VWF_ITGA9,0.0
VWF_ROBO4,0.0
CDH1_LRP1,0.00951774629953842
CDH1_ITGB3,0.006589208976603531
FARP2_ITGB3,0.004297310202132737
LAMC2_ITGB3,0.006875696323412379
NID1_ITGA2,0.33156135604010817
F13A1_LRP1,0.00082763011300334
F13A1_ITGB3,0.0005729746936176976
EGF_LRP1,0.004138150565016702
EGF_ITGB3,0.00286487346808849
EGF_ITGA2,0.06907528250835583
SEMA3D_EGFR,0.0006366385484641058
APP_EGFR,0.006239057774948245
SHANK1_ITGB3,0.0002864873468088488
SHANK1_ITGA2,0.0069075282508355785
SHANK1_CD93,0.0002546554193856423
SHANK1_CD47,0.012509947477319736
SHANK1_ITGA3,0.0003819831290784651
COL6A3_ITGA4,0.4870284895750437
COL6A3_LRP1,0.02482890339010023
COL6A3_ITGA3,0.022918987744707936
COL1A2_ITGB5,0.0135922330097087
COL1A2_ITGB8,0.2640776699029126
COL1A2_DDR2,0.0058252427184466
COL1A2_DDR1,0.0601941747572815
COL1A2_CD47,0.7631067961165049
COL1A2_GPC4,0.0077669902912621
COL1A2_ITGA3,0.0233009708737864
COL1A2_ITGA10,0.0174757281553398
HSP90B1_EGFR,0.007257679452490815
HSP90B1_ITGA4,0.46267706509629153
HSP90B1_LRP6,0.018144198631227085
HSP90B1_LDLR,0.667706509629158
HSP90B1_PTPRD,0.019958618494349767
COL6A2_ITGB3,0.016329778768104403
COL6A2_CD93,0.01451535890498163
COL6A2_CD47,0.713067006207226
SEMA3E_ITGB3,0.003724335508515038
COL3A1_ITGB5,0.0135922330097087
COL3A1_ITGB3,0.0174757281553398
COL3A1_ITGB8,0.2640776699029126
COL3A1_CD36,0.2990291262135922
COL3A1_CD93,0.0155339805825242
COL3A1_ITGA11,0.0155339805825242
COL3A1_CD47,0.7631067961165049
COL3A1_ITGA2B,0.0019417475728155
COL3A1_GPC4,0.0077669902912621
COL3A1_ITGA3,0.0233009708737864
COL3A1_ITGA10,0.0174757281553398
NLGN2_ITGB3,0.005729746936176982
BMP1_ITGB3,0.010600031831927419
BMP1_ITGA2,0.2555785452809167
FGA_LRP1,0.0
FGA_ITGA2,0.0
FGA_CD93,0.0
TLN1_EGFR,0.005347763807098495
TLN1_ITGB2,0.27808371796912296
TLN1_DCC,0.012032468565971665
TLN1_ERBB2,0.026738819035492543
TLN1_ITGA4,0.3409199427025306
TLN1_ITGB7,0.11230303994906889
TLN1_LRP1,0.01738023237307016
TLN1_SDC2,0.006684704758873101
TLN1_ASGR1,0.0013369409517746066
TLN1_LRP6,0.013369409517746272
TLN1_C5AR2,0.036097405697914996
TLN1_C5AR1,0.15642209135763166
TLN1_LDLR,0.4919942702530638
TLN1_SELL,0.5120483845296833
TLN1_SELP,0.013369409517746272
TLN1_CALCR,0.006684704758873101
TLN1_TLR6,0.364984879834474
TLN1_TLR4,0.022727996180168655
TLN1_LRP8,0.02139105522839405
TLN1_CD46,0.2072258475250676
TLN1_CR1,0.375680407448671
TLN1_PTPRD,0.014706350469520879
TLN1_ITGA9,0.005347763807098495
TLN1_ASGR2,0.0013369409517746066
LPA_EGFR,0.0002546554193856423
LPA_ITGB5,0.00044564698392487485
LPA_ITGA4,0.01623428298583477
LPA_COL13A1,6.366385484640975e-05
LPA_LRP1,0.00082763011300334
LPA_SDC2,0.00031831927423205206
LPA_TPO,0.0
LPA_ITGB3,0.0005729746936176976
LPA_ITGB6,6.366385484640975e-05
LPA_ITGB8,0.008658284259111878
LPA_CD36,0.009804233646347273
LPA_SDC1,0.0007639662581569302
LPA_ITGA7,0.0005093108387712846
LPA_ITGA2,0.013815056501671157
LPA_CD93,0.0005093108387712846
LPA_DDR2,0.00019099156453923256
LPA_ITGA11,0.0005093108387712846
LPA_DDR1,0.001973579500238735
LPA_ITGA8,0.0002546554193856423
LPA_CD47,0.025019894954639472
LPA_ITGA2B,6.366385484640975e-05
LPA_TNFRSF11B,0.00019099156453923256
LPA_SELP,0.0006366385484641074
LPA_LRP8,0.0010186216775425725
LPA_BCAM,6.366385484640975e-05
LPA_SCARA5,0.00031831927423205206
LPA_STAB2,0.00044564698392487485
LPA_RPSA,0.031895591278051846
LPA_PTPRS,0.002037243355085145
LPA_ATP1A3,0.0005093108387712846
LPA_ITGA3,0.0007639662581569302
LPA_NT5E,0.004902116823173637
LPA_ITGA9,0.0002546554193856423
LPA_DCHS1,0.0005093108387712846
LPA_ROBO4,0.0
LPA_ITGA10,0.0005729746936176976
LAMA3_LRP1,0.005379595734521714
LAMA3_ITGB3,0.003724335508515038
LAMA3_ITGB6,0.0004138150565016638
LAMA3_ITGA2,0.0897978672608626
LAMA3_TNFRSF11B,0.0012414451695050128
LAMA3_NT5E,0.03186375935062866
LAMA3_ROBO4,0.0
SEMA6D_LRP1,0.00165526022600668
SEMA6D_ITGB3,0.0011459493872353953
SEMA6D_ITGA2,0.027630113003342314
JAG2_ITGB3,0.0
JAG2_ITGA2,0.0
CNTN2_ITGB3,0.0002864873468088488
CNTN2_ITGA2,0.0069075282508355785
COL9A3_ITGB5,0.0006684704758873123
COL9A3_ITGB3,0.0008594620404265465
COL9A3_ITGB8,0.012987426388667818
COL9A3_CD36,0.01470635046952091
COL9A3_ITGA2,0.020722584752506736
COL9A3_CD93,0.000763966258156927
COL9A3_DDR2,0.0002864873468088489
COL9A3_ITGA11,0.000763966258156927
COL9A3_DDR1,0.002960369250358103
COL9A3_CD47,0.03752984243195921
COL9A3_ITGA2B,9.549578226961465e-05
COL9A3_SDC3,0.0011459493872353955
COL9A3_GPC4,0.0003819831290784635
COL9A3_ITGA3,0.0011459493872353955
COL9A3_ITGA10,0.0008594620404265465
COL18A1_COL13A1,0.0006684704758873033
COL18A1_ITGB8,0.09091198472067483
COL18A1_CD36,0.10294445328664649
COL18A1_ITGA2,0.14505809326754732
COL18A1_CD93,0.005347763807098495
COL18A1_DDR2,0.0020054114276619444
COL18A1_ITGA11,0.005347763807098495
COL18A1_DDR1,0.020722584752506743
COL18A1_CD47,0.2627088970237148
COL18A1_ITGA2B,0.0006684704758873033
COL18A1_SDC3,0.008021645710647778
COL18A1_BCAM,0.0006684704758873033
COL18A1_SSTR2,0.14505809326754732
COL18A1_PTPRS,0.02139105522839405
COL18A1_ITGA10,0.006016234282985832
NLGN3_ITGB3,0.0002864873468088488
F8_EGFR,0.0011459493872353912
F8_ITGA4,0.07305427343625652
F8_ITGA2,0.06216775425752025
F8_C5AR1,0.033519019576635334
F8_SELP,0.002864873468088485
F8_TLR6,0.07821104567881582
F8_TLR4,0.004870284895750423
F8_LRP8,0.004583797548941579
COL4A2_ITGB8,0.155849116664014
COL4A2_CD36,0.17647620563425112
COL4A2_ITGA2,0.24867101703008113
COL4A2_DDR2,0.0034378481617061904
COL4A2_ITGA11,0.009167595097883134
COL4A2_DDR1,0.03552443100429728
COL4A2_CD47,0.4503581091835111
COL4A2_ITGA2B,0.001145949387235377
COL4A2_GPC4,0.004583797548941567
COL4A2_ITGA3,0.013751392646824762
COL4A2_ITGA10,0.01031354448511857
THBS2_LRP1,0.02275982810759188
THBS2_ITGA2,0.37991405379595733
ADAM12_ITGB3,0.01031354448511857
COL11A1_ITGB5,0.0031195288874741266
COL11A1_COL13A1,0.0004456469839248687
COL11A1_ITGB3,0.004010822855323887
COL11A1_ITGB8,0.060607989813783195
COL11A1_CD36,0.06862963552443097
COL11A1_CD93,0.0035651758713989954
COL11A1_DDR2,0.0013369409517746292
COL11A1_ITGA11,0.0035651758713989954
COL11A1_CD47,0.17513926468247648
COL11A1_ITGA2B,0.0004456469839248687
COL11A1_SDC3,0.005347763807098517
COL11A1_BCAM,0.0004456469839248687
COL11A1_GPC4,0.0017825879356994977
COL11A1_ITGA3,0.005347763807098517
COL11A1_ITGA10,0.004010822855323887
COL5A1_ITGB5,0.011809645074009197
COL5A1_COL13A1,0.0016870921534298607
COL5A1_ITGB3,0.015183829380869006
COL5A1_ITGB8,0.22944453286646502
COL5A1_CD36,0.259812191628203
COL5A1_ITGA2,0.3660989972942861
COL5A1_CD93,0.013496737227439059
COL5A1_DDR2,0.005061276460289669
COL5A1_ITGA11,0.013496737227439059
COL5A1_DDR1,0.05229985675632654
COL5A1_CD47,0.6630272162979468
COL5A1_ITGA2B,0.0016870921534298607
COL5A1_BCAM,0.0016870921534298607
COL5A1_GPC4,0.0067483686137195294
COL5A1_ITGA3,0.020245105841158677
COL5A1_ITGA10,0.015183829380869006
SPTAN1_LRP1,0.018207862486073503
SPTAN1_LDLR,0.515422568836543
SPTAN1_TLR6,0.3823651122075442
SPTAN1_TLR4,0.023810281712557637
SPTAN1_LRP8,0.022409676905936624
AGRN_ITGB3,0.004583797548941586
AGRN_ITGA2,0.11052045201336938
COL2A1_ITGB5,0.0
COL2A1_ITGB3,0.0
COL2A1_ITGB8,0.0
COL2A1_CD36,0.0
COL2A1_CD93,0.0
COL2A1_DDR2,0.0
COL2A1_ITGA11,0.0
COL2A1_CD47,0.0
COL2A1_GPC4,0.0
COL2A1_ITGA3,0.0
LAMA1_EGFR,0.0017825879356994977
LAMA1_ITGA4,0.1136399809008435
LAMA1_LRP1,0.0057934107910233845
LAMA1_ITGB3,0.004010822855323887
LAMA1_ITGB6,0.0004456469839248687
LAMA1_ITGA8,0.0017825879356994977
LAMA1_TNFRSF11B,0.0013369409517746292
LAMA1_LRP8,0.007130351742798014
LAMA1_SCARA5,0.002228234919624366
LAMA1_STAB2,0.0031195288874741266
LAMA1_ROBO1,0.008467292694572644
LAMA1_ITGA9,0.0017825879356994977
LAMA1_ROBO4,0.0
LAMB3_ITGB3,0.0020054114276619435
COL4A6_ITGB5,0.0
COL4A6_ITGB3,0.0
COL4A6_ITGB8,0.0
COL4A6_CD36,0.0
COL4A6_DDR2,0.0
COL4A6_ITGA11,0.0
COL4A6_DDR1,0.0
COL4A6_ITGA2B,0.0
COL4A6_GPC4,0.0
COL4A6_ITGA3,0.0
COL4A6_ITGA10,0.0
COL4A3_ITGB5,0.0008912939678497497
COL4A3_ITGB8,0.017316568518223757
COL4A3_CD36,0.019608467292694547
COL4A3_DDR2,0.0003819831290784651
COL4A3_ITGA11,0.0010186216775425693
COL4A3_DDR1,0.00394715900047747
COL4A3_ITGA2B,0.0001273277096928195
COL4A3_GPC4,0.0005093108387712846
COL4A3_ITGA10,0.0011459493872353953
COL4A4_ITGB8,0.043291421295559414
COL4A4_CD36,0.04902116823173639
COL4A4_DDR2,0.0009549578226961635
COL4A4_ITGA11,0.0025465541938564248
COL4A4_DDR1,0.009867897501193683
COL4A4_ITGA2B,0.00031831927423204903
COL4A4_ITGA3,0.003819831290784654
COL4A4_ITGA10,0.00286487346808849
CNTN4_LRP1,0.0057934107910233845
CNTN4_ITGB3,0.004010822855323887
CNTN4_ITGA2,0.09670539551169818
DSCAM_ITGA4,0.0
DSCAM_LRP1,0.0
DSCAM_ITGB3,0.0
DSCAM_ITGA2,0.0
LAMA2_LRP1,0.014069711921056795
LAMA2_ITGB3,0.009740569791500871
LAMA2_ITGB6,0.0010822855323889672
SHANK2_ITGB3,0.0022918987744707927
SHANK2_ITGA2,0.055260226006684676
SHANK2_SSTR2,0.055260226006684676
CPAMD8_LRP1,0.00041381505650167
CPAMD8_ITGB3,0.0002864873468088488
CPAMD8_ITGA2,0.0069075282508355785
CPAMD8_NRXN2,0.00019099156453923256
A2M_ITGA4,0.15422568836543052
A2M_ITGB3,0.005443259589368135
A2M_NRXN2,0.003628839726245423
A2M_ASGR2,0.0006048066210408935
DSC3_LRP1,0.007448671017030067
DSC3_ITGB3,0.005156772242559284
CP_LRP1,0.005379595734521714
CP_ITGB3,0.003724335508515038
CUBN_ITGA2,0.08289033901002703
NRG2_ITGB3,0.0011459493872353953
LTBP3_ITGB3,0.009454082444692024
LTBP3_ITGA2,0.2279484322775744
LTBP3_CD93,0.008403628839726207
ACE2_EGFR,0.0
C4B_LRP1,0.006621040904026727
C4B_ITGB3,0.004583797548941586
C4B_ITGA2,0.11052045201336938
COLQ_CD93,0.0020372433550851403
SPTBN2_LRP1,0.00041381505650167
DSPP_EGFR,0.00012732770969282116
DSPP_ITGA4,0.008117141492917385
DSPP_ITGA2,0.0069075282508355785
DSPP_LDLR,0.0117141492917396
DSPP_SELL,0.012191628203087683
DSPP_SELP,0.0003183192742320537
DSPP_TLR6,0.008690116186535085
DSPP_LRP8,0.0005093108387712863
DSPP_PTPRD,0.0003501512016552586
VIM_GRM7,0.003883495145631
